starting_input:
[0.75, 0.26778242677824265]
[0.5, 0.5606694560669456]
rap_vectors:
[[[ 2.2359809e-06 -7.6434044e-06]
  [ 1.2949351e-05 -3.7998885e-05]]]
[[[-7.0672829e-11 -2.8057169e-11]
  [-6.2244443e-10 -3.0787947e-10]]]
[[[-3.66785754e-16  8.38769029e-16]
  [-5.01340336e-15  1.09664915e-14]]]
[[[7.5902190e-21 4.5284814e-21]
  [1.2866894e-19 8.4238943e-20]]]
[[[ 5.4005405e-26 -8.9813367e-26]
  [ 1.1714258e-24 -1.9008901e-24]]]
[[[-7.9269245e-31 -6.6077171e-31]
  [-1.9885720e-29 -1.7496928e-29]]]
[[[-7.481739e-36  9.336640e-36]
  [-2.219145e-34  2.732144e-34]]]
[[[0. 0.]
  [0. 0.]]]
[[[0. 0.]
  [0. 0.]]]
[[[0. 0.]
  [0. 0.]]]
[[[0. 0.]
  [0. 0.]]]
[[[0. 0.]
  [0. 0.]]]
[[[0. 0.]
  [0. 0.]]]
[[[0. 0.]
  [0. 0.]]]
[[[0. 0.]
  [0. 0.]]]
[[[0. 0.]
  [0. 0.]]]
[[[0. 0.]
  [0. 0.]]]
[[[0. 0.]
  [0. 0.]]]
[[[0. 0.]
  [0. 0.]]]
[[[0. 0.]
  [0. 0.]]]
[[[0. 0.]
  [0. 0.]]]
